61404205
13500242
99044377
69899778
5408463
5164400
63748432
60823820
79695350
18662946
74763330
69486893
101305619
58391982
71740105
76405396
35747889
64920373
12419830
90211684
13571843
16412015
49887174
111231162
14036389
7848937
77910160
23352571
23764315
10866428
5954076
10325798
109968113
78456816
23417373
22763652
83123681
110562335
25527300
56990742
39004616
109758090
3015443
20788713
71672038
84822030
16208053
96517005
56183913
21055526
21385082
73806798
90757295
52316791
77226130
86839183
70505661
21911469
75495850
50040650
15769989
103863708
26187118
60562817
55521441
53114497
16452396
13931369
93856361
53447665
40226307
50403932
34596059
20894337
102113877
73992240
95636508
32349965
78440179
107872637
26446763
13412564
53247931
89851443
43716565
96492492
109371911
22700765
56273217
64234548
33307844
99304395
97401508
91893788
65663051
26546372
65326778
21038859
23619010
22636269
70999833
94195212
16679661
98566216
75294115
18125733
110816065
109857140
14035634
65110246
18001166
60684718
63164720
88197905
72133438
10249868
43045151
62978255
113553380
13477901
96806906
54502857
100271724
99141359
57229967
71133891
63869776
11974199
80039303
16683601
54593098
77326739
62907827
93148324
12130627
30221215
9298555
50876500
51264560
106394328
93641628
43420481
14630672
15465604
34186855
15810173
65675506
103137936
23374351
110325485
16472878
62480668
73342541
51854218
17442881
41697616
75948526
103156511
83554047
84899553
18826425
37097075
66751433
10359157
73194038
37429883
98527455
23025884
112451737
26340679
63335418
37788344
83261908
38744096
72138313
66158189
105759501
15641914
24180817
19377010
89984366
62036057
85931574
90857795
69271699
19957775
24853999
10411324
66007005
98920267
76486045
78575593
66885279
98402769
81006007
13514948
62466627
45771584
71229406
23540240
20930637
76938042
107431861
51496745
50816394
7319570
38960963
14887474
74875194
103065528
16388356
8360484
13690798
52522710
18527341
55839227
10184382
43599146
104538144
88327948
17622015
96192513
28001863
77841520
35226513
26462872
43717880
18646396
26209611
85075670
10832419
18768655
65612645
56887400
78787508
2828670
55403636
15077892
26420672
103747663
107085892
70235014
36188941
83544577
68068292
23536244
112378698
21094788
63782135
9893848
52393268
25745675
28573694
61601338
74805378
51686917
14960373
72802320
15130602
17109233
50655624
18093842
83693263
34513072
59683986
21385303
1132193
7728992
25135956
75078447
72541408
9551359
16720842
14933597
78914924
43517473
107000065
111200377
89926063
60884972
77847448
116303856
39895583
43855300
42367424
20841144
42797666
26658979
6834230
7117990
104286065
91544897
93812160
18959446
108399996
105799664
104866009
52632847
98999634
45043271
65119625
46744376
26898115
62865384
22408104
34904502
25542854
94011847
7883394
29481206
97935742
44397877
107395342
6793761
76936440
106335719
98032829
78631982
11912756
29139429
18794796
58832090
36169944
75904956
32633994
42644083
76667410
71466717
20577786
15586265
28795003
117238853
13036623
64822816
79172699
109001437
102315869
20907213
38045641
32204118
13168986
24759767
16592861
7248228
110977457
22027444
21578592
87820728
69567968
19409558
40117190
99837625
58140502
20433088
74431728
96658078
7018607
60931542
18939960
49758708
12017145
40561105
85235386
56856728
66821890
67104206
11481666
54023554
12368409
95570289
22606639
92458483
79619439
49701428
101980461
9881181
113580181
26402826
88163389
111473950
78250005
26854467
106112128
69549144
34777994
99431661
13701700
26091672
8073334
87392588
80459262
115137699
33647301
7312325
42411586
37586935
19540355
38903988
19639575
21890471
62274548
69148161
106364683
22707476
64514375
74662973
45611728
46653082
71207686
20241236
57535120
22795546
86041900
70398583
74870292
17255383
16825614
37152734
27807110
16420101
86772834
13304394
23703207
94573291
64037710
82322699
77596701
86328473
57269851
80114196
95100134
98399550
26640351
17153183
39520248
79742428
20998737
79352942
27163692
61429614
92557739
15577653
15352070
83529935
49622988
97660582
74038052
39068815
23259412
15250089
7975323
84535888
112066855
110612049
31313216
26674458
52421044
57635576
17610117
10915028
110104064
31542499
19876322
14273033
5161313
99110668
96842605
23064101
99139248
43365296
51478931
35166890
33672534
92484113
92000304
77202324
95909191
91347440
44324067
17918331
15610401
77653680
24008955
28974850
26200763
7636684
54209595
30322334
72185817
15571172
66607303
90862690
94027926
23581834
21338722
112763330
99392407
49760126
21227206
21536921
74267350
7998694
67917651
65128260
5968162
18435940
70164990
12158524
35965528
52950163
90103854
49659390
72615813
34066353
18018374
15261666
31438874
49567968
53064911
73048709
17712133
15072015
62157375
20489328
53679907
18636899
41081939
6351808
99079950
34890799
17050396
96647059
84967085
67246926
83088046
43881063
22589844
34260028
44553917
110310677
32145181
75346566
76037650
75254835
30773638
76892776
32237215
9210749
47614031
72967537
21721982
69325914
18779155
74171474
15257535
25408290
86344125
19280841
17290527
115137751
47040468
19551795
11965224
74085114
58473442
71732469
85212235
24892145
94598695
2726939
37602130
24369823
18922700
106627547
15457373
88374102
107926230
68795180
43166899
1226697
113461543
16662234
18182285
21354704
19848000
74107164
51355430
69006635
20414511
116963311
30551815
12305688
68964459
38257622
78061449
32025367
110155400
13081186
34015479
59086032
7481959
108058178
33394629
95483997
46493384
65013999
41944312
17211854
96968611
58774156
75788016
76067325
74983148
19086718
95462099
77197023
38916845
70020813
22656042
105037771
67227995
36478478
16305752
75692925
110923209
26451762
20144144
75243455
67403930
77768619
9725305
6478327
25591565
67547475
9599619
102879104
110347805
73685130
20846736
9702196
4001509
70001800
56605584
26065923
16255016
69559022
38197126
67565785
7726875
20482556
26304584
91725099
76548203
89783057
12199429
81119785
17425387
89101202
87212416
19611224
102444891
97264889
79233948
53450626
8571941
45738071
23395663
50924255
62198542
17979673
102665244
85931398
69079286
19066084
72902678
70620175
115210711
113711884
25579935
70469280
58748432
32387262
31922625
18952883
61169101
7014588
34856099
26796354
26509170
52363411
14029080
72993866
89509903
42340611
78017061
57545391
107368987
54585513
96679160
17211678
24743307
102701260
38101894
73963548
82447765
46130097
97766982
26860453
12671035
86450057
72633931
66579564
17453746
11690344
112505116
15488803
67514824
50098331
100315291
72564075
44052547
24415727
101260287
71090195
77789723
93302797
101013550
13081777
13587264
53395687
74514400
46040051
21466690
76997008
22770790
108983574
78732529
19972124
20335073
9042039
113543355
41400266
110571509
105059279
101191233
95377165
59136814
13705968
73619949
27936952
21482166
111346447
12320026
108455569
49529136
17251649
65277414
27215515
106533415
40435889
32718447
14135256
76110414
45651877
82200100
94300784
74029190
15150327
10485673
69037987
97969146
64526897
49170008
4143231
11899541
115977760
85130149
5841643
72233609
86429998
57885926
42673149
59261594
104650353
11295361
100629133
107038384
34552295
109987374
20343151
72208446
26239295
13834990
90522753
92654547
70716305
90503636
33861332
13517902
111920708
86174451
34692232
21024834
40608372
81104273
71917993
25873516
20219535
6054737
74969404
113853099
77670124
13360425
28097794
14659198
97685563
17319997
36347945
90750469
53197840
13621775
100027100
54308346
32649142
50364234
115566348
60342510
46326677
100821358
65233915
57599166
101167897
70284740
37123549
33910825
46025301
38993805
117655622
91719099
21268242
43906341
29125379
16904354
27408568
81204996
41582507
111507075
68106015
16715498
66090278
46168385
21778657
17298798
25646664
58550284
38979337
15371509
99209104
69434106
51824745
22148831
14815748
74777227
61635739
105182872
8339909
115604115
79841609
16217080
47095399
12932967
84970739
18137420
14528797
88060903
60471363
80625051
18001971
114040155
38972567
112724827
26056350
80574266
20856327
9869467
91696497
87103686
58825393
111620654
109282606
99993554
85938393
15677825
83824264
82759687
62726270
66720346
31942421
34674876
82883191
76268669
74200790
116316794
15838649
73969185
54566349
99726280
9627892
66762394
101659742
27449218
26334032
85994614
34835218
25147929
83823264
56108426
45379956
32492669
71394553
81615961
17643115
32587249
13207888
25606291
103125975
46697456
10982010
60262361
45034104
19220523
75777296
56031217
52042351
4972830
32879668
10635684
116400412
79091231
51528224
22491572
88909494
62539292
41975117
32199312
109778613
13589859
36793593
79876615
27717087
57407867
55231913
35282485
86793333
114681854
54632372
13199896
41871248
38507070
34661646
6153320
88269940
94175354
37505065
62387891
21896981
70565079
37965113
37890488
7429854
81071423
32656941
31412662
62286279
9140632
65620256
33772927
104197029
67063438
46299773
93062383
55900092
64359561
18849533
104271716
90683262
19428543
97900942
11988516
26224929
19397748
78673572
49165084
74552221
46353760
4733059
83857935
52417204
7184618
65308986
69079139
97370011
99859676
63455651
39491804
62529253
50301298
11682662
6540270
103747209
98701734
52041592
15249164
84224538
25888230
24777860
17223900
11248130
27524918
64556081
43247127
102367812
31534929
69172254
54762795
77663577
105748318
82466480
21925049
49700447
5283148
96658101
50235476
110366154
91926042
78683771
52151537
91586213
81132842
72666839
13591464
11703338
96066284
72921685
26326641
107918213
24302551
99581871
61755001
93275703
21111793
62878875
90570055
35370428
76073599
94195465
8814960
79973107
25808319
8102277
46975116
39158326
15282094
9274170
103794353
72209986
58244078
44940043
64985616
57207958
54873259
37550232
31184116
24506080
17507617
100182422
50746188
42070480
112573667
50544987
97605125
13291032
105912993
90747798
66432430
69294657
35992396
20474973
88682497
9010497
33449828
51550970
60855676
13775755
110871319
14893938
74282799
69687276
44718527
117335995
109710635
49758674
111361339
78323236
34655612
16206441
111459123
50374736
37634996
27206421
71266379
80217255
103514428
60376055
17092524
20002137
61299341
56297239
26971655
26825930
19170209
10916416
42202562
11701874
108207658
2988449
98297724
113609501
72732503
105582875
82890555
21012725
111674339
85277413
72270926
53196540
7549868
3078980
74182048
59129432
116441181
69280728
85874515
61349087
53784690
59753014
83378015
82429046
54454660
43311862
23735964
102742138
74263769
41751203
74206274
33950496
37618929
29189219
4865759
62479750
49367139
22952769
90271118
53396419
56073256
101261621
1768621
34897489
42320904
97933023
75627528
14708716
51704251
23816904
14260256
105797050
87156991
65547146
43007278
51379758
9388567
7018312
115137692
32444737
66043421
57954244
80613471
81028345
20449340
13491553
83256353
106397218
60411045
42474692
18557623
80566633
52619993
19410433
70242414
59675724
34351391
86741695
22597383
115881586
50931628
39481539
57596955
15830305
102669724
86563213
114723134
97460896
49181126
13219894
59860742
18497489
107955457
46962943
101887255
112070069
102013961
84853846
41680438
29775270
69197968
37378011
91038311
108810753
12798577
115531418
16328696
36978541
41783449
16539131
83610323
67144254
17360728
99524642
103143592
66807272
39398453
107981038
87066684
12002057
45774060
8553655
36455464
23938429
109585945
47074201
26495687
57148332
33918057
44989078
31903091
24918967
92288021
41516992
18840242
98312567
80217548
42387503
31555247
22752594
11118328
94782036
66646988
50551238
74752783
26572739
93798741
112798315
70160670
49433077
70395911
99477364
55170615
35581241
22545167
101976246
36016618
97945212
88439733
51960503
81167564
45452920
35910706
15048312
18311212
83371269
74143806
37414186
59976941
109693812
114394659
25290667
85563596
14652521
15029307
11022194
62762293
104111476
94934130
93656748
85772171
85254547
59386866
6730789
95132693
104346056
62860971
62453892
29652611
28646576
21948077
18097865
98744817
28241703
116126299
78129098
23573355
26742403
32175947
89747007
76031675
74656258
73450258
26571037
25856750
20086291
54584495
26977667
8116370
107840064
12688614
49710045
25508746
110360270
10849475
115205809
26200778
21747490
96596948
34656458
31638302
43470454
14259365
83951672
82713972
78436728
56882049
49654287
41332661
19632019
11471056
110790127
65382727
65014644
91441548
20229387
15036882
23127017
20378984
11573592
112960950
33979768
69070981
62405643
69445073
23924170
19332031
11792888
33377233
113252578
82524004
2896042
81498778
16217795
86919024
72622295
51276896
78182043
50039984
80525735
73971372
12450131
83869661
90434912
33391809
2661063
109744020
97030505
80677754
73336440
76159344
74886902
32215134
18859793
79967215
39075891
62416638
21142264
65272829
61166642
26206978
104854837
66648190
26438930
19278843
18496040
13919651
4153781
95766473
66558875
65389674
19268730
16910354
115092551
6669195
82456369
67167996
67161975
65925611
84148099
55336278
10470797
3239560
97478820
86428059
64504089
80010165
39627684
107479500
94332595
75101229
71970319
69927430
24389966
95005342
20628512
23981810
12260287
82174239
20886791
16029768
109922804
44299756
35657082
25407990
18578603
113873396
97661933
75929843
18063518
97838316
42643613
23385272
112317641
67619493
42073180
71050451
55319617
10971516
96459879
44446053
7096291
62565413
92877923
82391905
69738130
43154005
20759653
3950727
96279139
88248875
40716915
16081718
71697233
13379536
93985009
59815523
15901427
31135427
21838683
62437349
28800035
68166809
39494903
103907919
58328029
13357460
11528835
6861968
90088586
98146603
73872491
44283886
24051399
39538994
20467824
10333308
107365865
50842242
68753939
32195242
16696123
104061739
75881869
44450448
4857685
103340675
18648323
28655992
15203641
33076679
17780067
61520782
55144267
17175307
37827909
59484453
51243763
99738939
53629198
44447234
39537428
37851641
16648534
27328027
51293560
26639968
17265228
14266381
103183071
97848731
96190167
13651138
90934890
9042467
80928959
65146047
44602093
10487540
64568222
31573595
77803266
29423263
25408955
114900746
88389060
64464772
100065959
49229664
108914618
90420306
62117277
56693467
89115976
65179907
57322281
118728678
92024792
35201403
102667408
46893624
58848357
37514628
22562789
77393755
74075460
63699298
26442743
7491285
18718074
84664056
99998193
81844876
22379555
31004356
36249166
16390196
75018188
57547769
111839552
70430037
43877197
29655832
13162996
82960685
65478693
85418563
73687427
65910101
94745471
86757421
59099276
38442190
28522788
49456990
40594770
30437297
6061478
116768513
74066266
99205399
93202185
88229416
41783011
101168575
95839962
61298097
69695118
104962773
101490640
73876569
67365628
54797619
82002704
65738925
93417097
13766202
66093198
23370762
95751026
36657902
23902256
93162255
49706741
42379433
114229140
72116572
49129398
13973168
69794151
43751127
115899317
102620787
81405326
50945877
37682884
114387930
83926765
21716702
83768493
79228222
31370287
18028882
116069698
114600034
103091671
8613356
99582165
81956408
78764732
36152014
32004472
26284762
66857687
17353169
11188562
89979587
28885156
114404819
104021558
29783037
90824656
63836754
16534917
77070175
22514503
19549513
100431715
88936289
82056251
59413709
91703341
98186521
38065799
46509474
41384382
58480499
52103379
116920069
111516815
36187497
24867846
82695230
78253104
75580186
48690129
24585623
15621507
113930744
81590376
30734852
8266474
111236746
72074642
50629162
6934342
89757610
56962557
20474515
114651966
86405879
64898664
13120460
111863904
50608078
59025128
37318646
29451167
57323490
76633911
74049370
67612494
14630271
101629349
110721702
81843184
66336813
58411257
11812736
2788305
57800152
29575405
769476
115932801
99016300
97583319
80870573
8685072
24391586
21099455
18056063
79560737
85725030
68798979
97880763
74846741
98840583
26715733
79351962
51306638
48417061
5376765
44608855
88738668
84747204
72965019
68025767
25924818
18014767
72366624
13450211
98233586
52246823
24269849
21419401
7534531
109292356
108696982
77325831
67098104
50105294
15563006
6455956
104218069
75283941
71339878
102364022
82525138
80496227
65694833
98273888
62531298
56449122
51766343
91963601
39513415
17787365
92297131
75512440
12088070
99811323
69167352
42665388
12682076
44193957
81694247
31321303
24710007
22417108
101134044
98046907
78134626
43403168
35031382
100483321
91222196
81383355
80698331
10894035
85797240
64672584
53831439
53577156
28587774
63821272
53779347
53586740
33145268
15952588
5178025
63133508
43489008
35580644
19266639
95500831
72779355
66623605
45761906
105075430
80736245
78379418
15412409
11214228
76302535
65609516
73067854
50112895
18473467
15072284
49251243
115409890
73940390
91294630
114198208
51144346
48485691
118009215
65807962
55357623
28916927
14976136
105508948
98511566
55781886
20841663
16890397
110349436
14147490
7233859
95615628
57585896
43317410
42746785
28846189
10996837
100371113
70346503
57133231
36999559
78592644
106555876
55852798
35227306
16795410
86165568
23919818
70326200
46310115
25090042
9230022
69563151
46701946
61820198
41432707
77674935
69157120
68640238
85000474
12028053
56726271
13300408
96257808
7424717
114287953
85527654
26730173
3225165
61184676
71828104
32194861
20601380
111424750
103031684
76634251
62246139
50520961
19744509
54038725
20649535
29984400
24769361
111995081
76824263
115903183
85541630
93232256
26465881
24447570
13373463
10332282
61997939
10722071
97806720
76315677
86320584
24742473
16887239
90546435
10517524
4237639
83368310
56952234
16591326
11837849
103375989
11120194
89713908
83589987
79726821
104093404
87683821
73031948
62512034
33761760
10209262
75105942
50694002
37902560
34010978
28413549
17726762
3430118
59105098
57627268
53154354
21833792
6695297
46757837
92978663
6191875
110252931
103142832
54776624
12407241
92481167
57413236
26800981
73368906
93149451
77355242
49686034
17708907
13100425
27173959
22183558
15848441
102453195
91707074
67379815
45578849
19104705
115835257
96316090
81636203
78445311
7831072
111705487
111381398
58720718
33495112
112704407
109710257
65418797
64763930
54502420
52375519
116292559
64643747
62199453
20348297
112167923
90685787
89137909
60603290
39902485
33102296
105730785
81795187
72142353
59672690
94275633
86739957
77955910
32335366
117027627
76060486
69686375
63063460
21078917
53313489
15040315
109168328
74098652
66208566
19875810
114268980
77321037
69204835
66054880
56243910
16390650
23253896
18743850
13043842
106369948
100328105
77952241
74888791
49826814
43570709
21970340
9038581
98811315
78692511
49752356
85021427
18576518
18117024
4457250
96897490
30746822
107565654
97161058
82872468
49176189
83649659
19026876
114632216
75861247
24976036
24590160
8762747
114600606
110744205
86661575
61624882
57670362
26910802
19107769
83305258
50765819
33149944
31163629
9846934
116169702
114381455
75746649
93464258
81381676
26420093
15686167
11123968
18859201
13826754
111292857
15000045
8926632
117057082
115066795
98340369
25273071
21001399
8194519
6684443
26235224
108848875
76750528
76525044
73276754
64921210
110656068
103730332
83193182
40648415
36084587
6354894
26772741
95928992
55355757
17024557
119188586
107772384
67097470
53575459
19599050
17126751
99248016
94800842
52486642
51253829
91022628
24198863
18393912
76041166
59052954
17511745
115722215
57495680
101494132
85640504
72575709
32074768
94560380
30410660
15103980
2947312
104068057
88345387
82266140
72816576
61658673
36788157
31407494
16986624
16247464
9894821
6487529
76634928
74240696
45851825
44352140
26300824
110010548
82642166
77602185
77382816
65921626
5378573
4219946
107926214
92195694
85269698
62386966
41600141
21134206
80072755
66716077
114369865
38228456
14039777
73182953
53775408
115021389
18437963
104502081
18397100
13452081
84715083
83172132
75562149
61475473
8634934
8586626
77180248
29428208
25602597
15230153
64745880
33639251
32977638
10832110
96882411
16347730
11917616
97376372
39578083
98772999
91840945
91793781
52289364
21113872
107057569
38579178
21291566
3962909
117257876
99034040
31643777
95117277
66976186
54765181
24136799
109383672
105765608
31688518
25621947
9777552
105735064
85535754
26801771
104466656
97425034
97180712
95070175
77915177
20731815
50284198
46845993
100856217
95143741
16792072
70455361
43999863
42433509
6703218
22523800
20853859
97799508
79914678
79576403
64810702
117390277
110076828
84277760
62592602
45882093
39621317
18491180
13889862
9114206
114341569
90896821
84303214
60131338
44977589
73756459
36238882
74270071
58347806
55912617
16266306
15935637
109686236
92222501
79580750
61221283
41719875
27966197
21402891
81769915
79157708
76370053
45535490
37804412
28459681
18833254
112937545
98039084
68505960
20877799
4037332
107492824
96853258
87101113
82054651
52306102
25099710
24791861
98337539
20674105
14846940
107036457
60456424
49175777
11493353
9835855
116463210
96945831
80956359
30819412
17835567
3774227
114288009
51978789
43047707
20097176
105103525
79345483
73151352
109225010
103924618
75728055
65911753
53105561
52773123
45194662
27967706
11567166
68703446
24081108
99694313
86614068
24289972
75922257
69552996
58030809
50614469
17102440
82572262
67269236
66864916
57265243
17075013
16000303
97200247
69788232
64335991
42001007
14567515
87966078
75614681
73996333
72633069
32951894
30982972
21979212
8112803
93069194
66609274
94134713
90495678
5987111
91307624
25436394
20565445
17471109
92577995
74749773
60038469
47838027
12796958
89842907
57002618
37174548
8896571
6930812
4441674
107060964
92004192
50660587
41220409
79387229
69877909
58058565
38522417
14197162
25335008
112421113
61550777
60901566
19268242
106558974
102027957
73876756
8535950
93157791
92230674
85440572
64930235
51390068
41833783
18071804
5806138
115291219
112828747
75463348
62218602
50832115
49139386
8344324
97136929
69359114
61101967
58417868
23052836
21884666
108302935
101889189
52560203
37150097
26201179
99568882
68554324
68179452
49618131
26718158
22730756
2188953
76374747
12180704
94632878
63139345
32679878
83347904
57645390
14712242
81902822
79597633
33324354
24840756
21938375
65253737
32393990
114229335
114134437
108356727
82461320
14296337
12925018
99495851
74903622
43917243
15811735
8735781
96988519
95257009
80969204
59768702
33587029
77966069
62734373
62028997
34736216
19682563
69805391
65618916
65356562
49817475
44587658
24290681
18857291
15269185
91233957
31726894
6012309
95967227
77891801
76094903
55887746
43286700
95855779
37533493
70663025
32841718
21728551
4104865
114891685
92806916
68910638
65279026
57240568
53992557
44399749
43411333
8611889
4155036
111238798
94436447
92878884
68339318
20050172
3284839
99937304
51577991
83975262
51389306
41395434
5224419
74890267
9138355
8100269
114761793
70550506
43472042
42778124
16594191
112003721
109445443
58548057
50456487
46095058
9909001
94482507
87538601
44840408
19025766
5498845
103740736
98503519
94465447
84406258
69896402
92097166
68623152
25305291
13480129
94920006
42925949
35883702
96963812
34558727
20789117
8899467
103051453
92955867
62631085
44364658
27098411
84379102
83768845
60959314
37118227
20828086
12585159
10034936
7064316
81753781
56695795
35082313
32591136
11328217
103432447
89145965
34447610
116413339
99712723
34884434
18558078
12777481
11733730
91449712
87349767
76284970
106447477
54808269
52482666
25339052
13899013
7739652
100755450
65192079
9927605
73877890
39601650
18784450
106354952
102783006
83186135
78577335
75125336
50845842
28039957
17009282
11605152
114917781
50411189
50202908
32570712
107967622
45972504
41705104
20519637
112254672
110682044
86657924
71985021
58816843
91240000
78611664
76995191
59397028
29708622
24062903
4744243
113543099
99151902
93940375
68030248
55819860
49628920
26989971
12284379
95982826
26687514
9627790
6492765
84233304
83531955
71310735
52504908
41874344
16521164
47166207
16188689
70085090
67462514
51525677
35634881
20041607
4772878
110097595
107418465
16918869
11845534
73660374
66536636
52955320
12580664
101534696
93088809
90932909
85420674
61959224
15311229
4524995
594128
101674841
81158025
76058232
71019416
52455261
26971488
7836791
115110523
109732795
19413331
11573258
83273951
81185248
75110364
46760569
45797566
25171717
24049626
112281421
26976762
24682383
14105135
6531272
95475055
90613744
71381532
18946958
88625883
50285936
43005316
26079779
25843170
17330446
8089291
110616494
100121572
81603452
59292510
43327708
21335844
16465036
108599460
106217573
84855467
41440746
16231630
9406492
7434343
6600204
56314261
54037118
51857847
50828758
112322843
105851177
86807459
79451097
78744744
63443530
42760154
39048956
33292975
15574781
113160318
100865225
18841630
14037688
87787463
46555221
34439678
33332953
19021768
17837888
12238109
106197720
74529631
36488693
17432843
11590834
5682041
90989405
37614508
103445687
90877088
43913335
34909858
31275084
23441727
17585387
102727147
91917258
60683240
23890007
12310224
112853572
105821223
93485734
62501963
60902550
26487770
103008476
13844804
107681135
90851086
88421519
74486133
62475157
42931437
38869111
97805248
97754669
97252537
85950594
80228238
65324982
31645280
7195718
101291339
96182081
84448841
73708014
62508240
31074729
16724920
109620325
90149191
17857036
11046271
443301
92191149
106740002
102983288
66332337
56901448
14941019
12650902
7286586
110208184
93190562
90005434
61309711
57597822
47137567
44666588
15931947
72966452
67738664
62135939
32811136
25061646
19494453
14746796
13011019
7349257
104352880
87089390
98307923
83618114
82651768
100160759
81625249
65145804
43670510
13106993
98538031
95266145
93990427
58502664
37465062
21327983
9726355
100349994
97910833
57239720
54549809
50008884
32872910
18884759
100847461
63635611
53390658
44575618
26908399
20605174
19110879
14917041
13104141
7450563
100471774
95802886
93136915
61087679
43853359
11929873
110329563
104304854
97275867
54196612
23909908
23407029
19832965
15578812
59012015
38849680
34277634
33047689
28910374
95863687
95422745
83328441
79910884
49134147
47031042
23331411
105409275
80488028
27470449
19690076
102645065
96774587
84429010
63111697
48449673
3420977
103434938
94612976
57643654
50134095
31438504
7104852
104449690
101264983
75274184
68096454
41356983
36556107
12285785
110263078
85803103
70177244
68561097
57543906
26561851
108456509
57828153
26205616
10488729
109837349
101241435
96125656
51188205
44036307
26868156
19198460
17444061
98721710
98454550
95803460
94606663
75094845
73358605
40390024
18626203
5202293
86215774
60128403
57491746
26275837
22918688
17701539
13917286
9646635
117466447
100139963
84610911
55644325
53641521
52331178
30632987
25825332
75809158
66287289
46467051
45952996
21281330
9277282
97948039
74114545
41368253
16509756
15623598
116916080
112910751
29772016
10478151
112781087
103818582
88544525
87370606
5905495
113048482
85247915
76275682
62908169
53754685
35450962
19168919
9504779
99942597
94055743
86609112
55442798
28085714
26695507
25919010
89946215
82731673
56484469
52151608
27818119
19575257
18625356
17212752
114167296
113840013
93026460
85819285
63438326
25592431
20823658
13766533
80873958
65782947
62451556
25764493
9998837
91906252
13417255
114908309
103863494
87071041
77442861
69138068
65408078
47046053
31654874
10518956
7634661
111802770
96915892
89487710
80450729
76674209
69310776
36598755
23968563
10840269
9394393
4927778
113642849
106240419
95639372
66349368
58022702
46674107
36264734
14506171
103671390
103274182
68173581
33797160
30493495
98383744
33189613
32603383
28686851
27088656
17338743
12997880
11555215
90007314
77756438
39800826
35463248
26895047
8901708
12609368
75106249
72672920
59407177
46980223
41227211
26433349
10536429
110840442
107350156
99853192
84736153
82153091
30515611
30298452
23904857
19362069
18775529
97896543
84588222
82769574
60306014
42410238
79671283
69289638
64861581
56386203
55141883
50412914
19987182
12695658
118003953
107038128
104727451
102672362
36460996
28840874
22930468
12018718
64038414
52779545
52443443
45002127
28672374
25945270
9672328
94196144
92390697
88728570
59945625
57428309
34882725
31308668
16555400
13384444
96022515
71921534
60988671
32257557
26978700
12304457
49628038
44917800
34004657
26164876
25164534
10598135
6470614
4225113
113967969
113316627
105465101
103186093
93131423
90069701
75381455
5180540
82003863
79411928
78236626
74703805
62566196
60809565
12212301
94435150
2703146
730933
115313162
103619402
71506310
65091735
27140510
15490458
92452013
83738887
57674511
114102630
98015802
96971567
52358210
47150343
45830432
32946687
24437966
108901853
85064316
83767432
31838974
26424829
95354312
70800326
39269818
118581526
103376899
85649355
74154633
20296722
102179828
52072787
45873886
87332144
70166520
30647875
22688916
15534145
84110025
84041968
77462278
67412071
58394250
26619627
11346398
7714048
108232317
104796149
93060931
63877812
13436540
12707304
8007191
88032151
42803549
23922591
20047246
102842758
45356362
30110237
110209160
84838976
46928408
23677340
51543962
103096865
45182786
18969567
12475201
88809490
57825571
57398018
52307540
52018602
49241444
95014062
91648211
71526645
67629285
56790592
30899019
111655079
109675897
67302993
31054778
19284650
110507113
34985745
15691357
102540152
100371237
83305251
61676863
30979833
117037445
116051728
111620144
67137114
33405951
32637057
68413157
60426161
44484546
24378074
18545101
15272183
14923994
7492959
108976170
87641183
62849031
45580181
27070974
13523218
12348741
115716885
107697860
93680365
92538657
49391617
9289283
6882136
91207337
75258376
27257885
76694342
64216134
44021981
113857366
79338538
74306638
67655298
66940523
66133949
23165453
22279393
7727788
115698739
91992717
26196051
18722628
90847995
87448334
50522850
8518590
114370180
103724891
85384385
84071875
77265618
70103909
15903960
9758542
104494622
87193899
75622499
72954939
72489569
55967683
37741540
27275598
75548500
44086982
43009336
31612174
27484968
24418436
94942117
18375926
9951240
104331181
90689861
84857609
82029340
37982689
21171902
16684014
11361090
103637441
77615532
65686055
60250612
24233496
112611091
92771133
74877379
60702109
22780816
18077338
12469263
100414201
45547597
99239884
83581353
82374301
76629172
33154779
26104645
18575361
93069938
79027054
33889266
26918734
16936447
7717538
114218222
102852238
82836624
57907132
51948648
51053517
25127294
115509117
105976610
90908586
84756831
74872187
49291732
116910770
97872230
9821669
6303181
109764201
90729010
70900227
63207311
42010228
22581081
13943593
3768017
84343916
77382484
35218303
32688186
24471532
11241090
10216682
101081933
40325181
20286247
20193496
4868784
117880726
99992151
65947800
38117336
28763171
26901646
23347122
21769235
18650399
8139031
103474130
103177709
96741829
73100447
51094360
45857200
43341717
22029565
13077898
6249225
113810941
102343523
80893444
70068949
34145691
33648068
103186338
84866444
50874500
43367344
99656373
86028914
75957609
50859755
39084310
36565626
16743514
7286681
6119882
120475107
115773796
98997837
78415346
8086703
119214546
113698365
100157686
71230310
65085847
56035888
46125751
43666416
17584541
1537839
115092716
104997003
83356393
79997816
71933301
68214130
65580629
34338198
17419736
75935506
69136232
65225543
63361861
45788603
35997329
95550422
88789188
81933532
62189237
54647596
13523138
14095991
7625527
104603816
65450444
58862954
17191158
118344445
98279889
50765010
30221533
101048523
12085274
102909776
101656399
92139127
56287124
14486659
111528611
97334991
61175286
46306439
36453978
28292735
106109176
64786552
62719621
62691051
43455463
26929495
13727792
13614482
13038527
11356893
6542862
35310429
30299093
26923392
19826991
12865765
5359275
112334921
103995801
10363793
89129975
78844568
75017836
59275103
52309512
45344888
32296289
15841127
14267131
14164665
110603358
109255111
89139524
87342294
40611204
890674
117391058
43644977
16555914
14716581
9772108
6020743
3110544
115220767
111393343
67653395
51292016
34707819
25099178
20566034
18989297
17099686
9250264
1189399
108910438
101958358
93620820
80749819
66474799
62862599
60402047
43799492
42543340
32614120
26620774
23408459
18793774
18596729
107174286
82686862
68697716
62542489
53071581
24042689
12996368
86844711
53769129
45370423
36181528
29333117
19434462
116835268
107103522
62262013
40290656
35991335
21593845
12611914
103148575
44404130
37984764
33837803
21809319
3832945
112990301
99121910
66739903
35182753
33203035
12538908
96231474
90628748
86741354
64504297
60159559
51525082
45556404
100931494
99998371
89386543
87905843
84100745
69141787
50487839
39430242
26788485
14951837
10164444
102255360
89319106
17653266
12476850
10348682
116304593
79482820
75329209
71191302
41444013
19602940
16953952
12624058
1975585
116304541
98479442
81502181
18501009
18042440
17769590
10500263
116051507
80851322
80053394
72438051
55218266
51452910
28027523
25831608
14638452
13579013
108483253
103453263
98904383
93103172
85902460
65617823
56356783
48479060
28798076
12703908
116648548
109047120
82348570
76497556
68452838
59782565
54904330
17391284
41553685
34041035
7330782
101596085
85574845
81697110
52203926
14682495
9783163
116406713
115969851
84420369
65431419
64653451
41499426
23564817
99713287
88104848
85043112
67305179
57360092
49941623
42134371
31555392
25498799
21250135
120995575
93467526
90836381
59278568
37684000
33295550
21464226
116168543
112998706
86763802
86344939
72680893
69380864
55964244
22240421
14524879
116051089
89799562
73631020
64724558
64016606
34874890
19938099
13211172
117224403
98241677
97795820
78189738
70059858
26932005
26792036
72927018
50749750
30198426
23081678
20758697
18825913
109682202
86637782
82351595
68613481
42692954
24340686
14448328
87488349
13972740
7621109
96909247
30083917
22828454
104892552
91840123
70278804
68641623
20956767
79375349
76110588
73554666
43492407
25614251
21157194
105235052
93886750
58799659
49782378
25398174
110046088
101358984
92842316
73576521
39218556
16095233
112893996
97901852
49707305
32603535
28055591
18802392
85967345
84092876
18444649
115723202
111142898
109649550
65431339
57883878
56721712
49409294
45142216
30802373
13526406
12449677
99669784
86997111
85465755
75601718
61209823
34139163
21698937
15073204
88595106
61272741
16227580
15692434
103244925
90709846
90601647
89232923
78804231
61222649
52983309
51660393
39320023
24869049
113368468
110558528
101489743
65502050
22614368
107826297
74985778
71368913
45184825
37417266
25092365
16910203
13021627
2911172
96830835
58874869
47193491
28231361
18893696
101554058
101547276
77294740
58751643
34122941
24290594
116431665
62536453
58312247
57556900
50876014
33415538
13026447
95233632
88989862
71141904
69045560
64364728
30117568
25417286
25092045
11768453
3437308
88537004
69490474
66508352
65531971
38788899
5146247
102867726
85583349
63761110
51282330
38845849
38843073
33759173
25384129
21295438
18467066
18196329
98598599
97682904
95867401
83440127
39787703
37918442
34742273
19973070
11697914
2760168
98980983
89419853
78043473
54469274
51290013
39956840
33095481
20894489
17238646
10732612
6381903
109093626
89315635
80625288
73567782
61411030
50429598
34912996
15201595
9817058
104306296
102200801
92641704
31892325
17587577
7636839
4273383
83834252
82279049
79255051
78941942
78238688
72063252
63394683
54381628
19367263
18634806
114920009
42793338
27664742
25549179
24265294
20294955
17025639
78993416
65763274
65674118
62554136
50134956
49287768
36191159
26758027
17287095
5551050
3529420
102034975
90482657
71463465
71435128
63476345
60561606
15673370
11418658
5865769
5757801
116090590
108915240
95583107
86864430
79828570
79527858
75971151
75039805
70123869
67230051
66979764
54283749
50723315
30651918
27104704
21749547
18192647
15372420
110352239
85830833
82685139
76227805
70719741
62785714
59595829
29952715
19891152
16292620
113565071
95640074
84080323
83597084
38657652
20214459
87716616
76322102
65256487
57907350
25981956
23896903
21365161
11028709
9030452
103022369
49779052
37806563
22510016
16931740
115851518
98553093
93434909
72539032
19350397
121355296
114888536
92665810
74361563
71870161
69804862
35072073
27870575
25992213
14983609
107618558
106027947
95482588
81253584
70122627
68315619
63520915
51636367
20960741
13649312
101849770
79779228
52521767
50508629
46451023
26637091
14872341
101399837
42481181
34027922
84737062
60414097
42874163
24336590
20870722
16371642
12084412
6652237
82932116
71674079
44731469
41203582
35450084
98361208
91282165
77168666
65413911
45616496
42415199
26008874
19476772
12802938
266142
114538015
113193704
103596528
24104537
23403983
22590062
18400653
13053907
7102805
75534876
66969450
65115303
62655517
62529368
49274897
20100861
18628299
16307099
116298351
91466189
71025069
67216574
30231342
28864747
25891326
12886506
109101117
96050251
93630486
83544115
28935613
26853419
13667167
13548615
10002278
3824550
111267403
107131521
88508528
82296752
65231164
64368280
53886638
20234190
15202659
9992872
720426
115548456
109764700
40090102
21389011
114409539
33567576
15263035
99295006
99215659
79720514
54837793
34827902
19929352
114956404
114216908
101332027
84469206
62272578
58641510
57958713
37425148
76233096
44450734
18855054
114584203
110775805
90050400
78766609
69176741
57962732
45606763
27126202
13358745
114576496
83750911
77417240
70385905
67547220
43420590
43106107
32210446
26620018
19373164
108914165
100008761
82793099
81700300
79984717
79276762
76008628
67700208
46096126
31323126
4270849
114930274
81339677
76258093
60350028
54121753
51139780
46422602
29039248
19265414
18748736
4288698
110371955
99620446
56029007
21572751
19922616
17829956
95851391
77110154
69491330
66993713
62164836
60879254
57586580
56745470
56244538
27625508
5417219
104312871
83263913
18671088
11619775
5661262
2829822
117212390
104997712
103588592
96205266
67495224
50324396
113543431
73762163
60518892
55238833
21032062
16997225
112066605
109878063
101663410
92128118
72093611
69014493
60355848
57502990
57369056
51809807
41176157
17089184
14295711
9193697
100088374
91655485
71373401
68946479
54484614
53716314
19195570
16285123
114959324
102188292
101196718
72206009
44218429
42878570
20281089
14962622
72650202
72354210
116277511
97911767
94269455
83914509
55376516
46350296
42931435
11913349
112887218
112503871
77160881
61767786
49329520
42901851
13954055
13596911
116168817
66434029
19086444
17643416
7683320
94330822
67959568
64720321
54620237
50914633
46573825
116293777
105488051
102640862
97724042
72116313
30431035
16058516
14345380
13422921
7149878
69424195
52199220
49245263
43327854
41575268
12349516
6978346
100046134
86922014
76779599
66394587
26710552
14502818
12382234
4808254
3970381
3440091
77758378
53126326
44165132
17119064
17043371
15857315
15853103
13427545
12809342
99103803
50057333
40952971
38462829
27258540
24128990
86283799
80842168
79651592
62404429
59551268
28516582
111770293
20721201
13753760
12474261
115273514
109698018
55692579
54787793
26126325
14350280
106161006
105632973
102186485
77698206
42957592
27154917
17327117
6699615
3353976
109347933
104931271
85415807
85073231
80978554
65738019
55986844
37403639
21894796
13274434
7640727
119741441
85071854
80174484
75901445
71721188
58831751
26984985
21352878
19013270
18063473
12662264
97674897
96745529
93126187
90160446
83895628
30284288
16408826
9421591
72286360
19309771
14853376
12503760
9655934
115459549
109061225
98137820
77286946
68322488
57832629
13609219
114212383
112794417
74189407
73357318
61489412
46894835
46197454
43214395
30578752
26906171
21644191
17627513
15459244
4614591
118419559
116409349
87948541
84960579
84245072
78903403
71842487
68626748
57233335
42952878
41941603
34848401
29898177
14856618
99936125
99589195
96991474
86087946
78282144
69534025
50573041
33453069
26433458
13441786
11629937
2923082
111674102
108789429
100682829
53371603
22457066
15846433
10829733
120165537
111576904
100483601
99537084
71569108
51257948
50737550
16264623
7245344
101251365
82344085
81437012
76519739
75382864
8827716
115292352
100606576
86706242
54586086
45101201
44231789
42859262
23375802
12061766
3475140
2092314
71032949
64577481
17583136
17567575
16200651
14028715
106341256
86635598
66964988
56692337
56113428
54740843
36018449
29793891
28563344
11959874
1409837
105736834
72938051
52778562
39709300
37947212
105756729
102481289
94519384
91540333
68943369
50665742
39770074
24260907
21247427
103290026
99023025
97598275
87494199
78469089
77096574
52448055
51136311
43351223
43226309
30261145
23555773
21010201
106347425
84250276
81773990
75057844
60295899
57481694
117971452
107807812
89271860
77275045
72060945
65455029
55158285
50030255
26483263
26422764
7877495
5406466
109774596
109064479
105281261
93313574
70735586
59021203
50717696
43463076
23332438
6937134
81250659
66579253
61126257
49975969
49696557
47059860
20521936
8354080
5738939
3211042
116623943
113014369
110682549
94736776
68865586
56732911
52791313
23978312
19641906
18224765
12976908
9096316
111981238
97891451
82477703
51092152
29186733
18544650
10463389
4606079
3961302
107152275
92415987
70883344
64749971
51726416
51496548
48487367
45495052
41811905
33606871
30267013
15083115
8768733
116168803
53264657
39578649
30513738
11805373
4400177
113829555
112136118
89811890
70455266
37496882
34960213
19652815
19451490
98966493
67308457
45117582
40337411
32396541
106793000
96606218
93721222
86684634
86188835
73640153
70456746
66202642
65506506
56788168
29767228
29451650
14660895
12288372
9212783
7306107
80259872
38977466
29284585
25420441
18840959
110126499
107246595
105042841
79451171
69003968
66722561
63304494
51165796
44383582
42369143
39528404
33064613
24107943
109816196
108839962
88821245
80194392
75716438
71435532
56307459
45665865
19723419
18250910
16017562
13115410
106716499
86947403
79455102
68983323
65178593
64691261
116497413
92065220
84780420
26028126
25400470
12160144
3332229
112321692
104412344
103414110
100196583
81484594
67623907
55781561
38581228
35575958
27547771
25511768
6658584
102657481
102014723
83381172
82743668
63860490
62265154
59293945
30075071
25321254
24631466
2109416
111548448
88790764
78378676
62904146
58011662
54454218
116948810
116364058
111022777
105958284
95624437
94934671
85190161
42603369
17127887
108751015
106396044
79180992
37379778
11138317
8279946
115775972
87450060
42973819
40538898
39111897
28711146
19500534
95598567
90531777
88258725
83964420
80024362
74805976
67720636
65936050
63907172
60219001
59368111
55699598
51404206
49394636
44816249
33742142
25228747
22484618
18346719
17175488
12552375
116732124
115076082
92321098
77169013
74564949
64951172
64312189
33292483
27520711
26303559
4643367
116143474
106026461
90540890
73873839
56370579
8866393
109641561
103580755
89770945
86269114
67184149
24491237
24324140
116406764
116406656
112798410
112618579
107272397
95081537
94791646
79393383
79236876
76782951
69845915
51990835
24818588
15475515
14279206
100029984
95907462
90238230
87451352
86489204
64987838
54877636
28571693
27199738
21465607
17268931
13436178
116081210
112768926
104245994
97990028
54438478
22993542
13896872
13095892
4802327
78242614
66876304
65332518
53659552
50912002
43913374
33672185
29367851
21898091
15721186
7525833
109350333
99187538
66366334
26044136
14088308
119033385
92617537
49345185
5229965
81417557
39778828
30839360
13454364
100685624
91164207
89142862
63076107
60491205
54440649
50001981
49798034
23798263
13220160
10659101
103480583
42462968
39296331
36406339
33997068
16684783
349775
106726596
88905298
41618847
31759952
20675086
19278696
111804228
100722303
87601969
78081827
66252292
64594558
53386899
33251461
24669284
19214716
15358167
13115288
7316636
93367620
82624573
82109237
66992999
49370337
21294967
109794489
87917232
80501896
66004277
53109295
19041497
8910082
102109069
92301010
25834292
18494439
16208108
12253475
6167604
112220544
110992586
78130524
63837996
38139323
23780010
11533454
10159511
9498452
5922347
120214342
110365031
101893572
92390299
68091205
64886764
41259214
27606013
18994335
14552070
11552074
10815641
8381221
103439939
95478740
86939231
84188835
69693748
59748372
21495520
14932990
116143924
106610640
100135442
72736393
37753919
33320895
30859024
19649937
18486882
9775945
115382190
91396243
57405700
37211132
19251080
12779743
80260607
79397662
26577710
26094255
21331406
17963000
9457936
85617358
63591169
60768481
51346266
39980773
35154517
31988435
22261409
19001398
16564680
13219152
12064088
12056426
114450881
87270068
59971315
57479763
57333046
52763910
33070374
25758607
103633617
84184929
69854231
30866876
22670201
18606783
1351130
120739883
115275914
70256868
67069494
54281469
45926346
44002735
22696143
103754841
99859114
96526436
95585805
93438745
55309439
47252317
33146251
24322838
14012364
6471872
114473931
72073762
69671603
57049512
24250435
16266900
15877359
115040168
110951024
90640595
83232522
42109914
37357885
11061042
100803416
93793793
71253533
34241054
30529031
9891014
116304769
112617525
80613296
76458554
71055186
67531513
23669292
22711115
21347077
114504364
112994589
108759452
107534183
106389547
97949847
74516353
65261794
62715164
54975761
54781323
51625040
43725186
42402583
29608716
14123828
103912024
86312450
36531768
18729628
3904589
115615533
113226141
97727983
96833014
76252871
72057622
69838756
68753037
50086257
37176549
26666961
19509670
9596266
106416040
102878300
97568791
90210932
82192461
64518445
49734358
45684469
42801011
42489514
19027080
110096288
103515189
98220552
83509242
70058697
60500839
46744842
35818298
32006228
9086103
6052439
111865329
110432725
110297177
98174210
96699129
96529999
84228502
55230821
10809330
112822895
110659915
93858973
87243338
84720769
78056873
62089839
51545103
50616555
49617478
48402999
27475915
13871113
93937925
92172874
77772606
52106418
46398833
42854128
33641672
30914176
27376935
25250923
21896185
3602317
103832508
51782717
46819135
33274560
25812501
7164087
100099812
26022935
22920401
21340068
18997800
17596565
102529608
80976613
78484777
49294379
6019075
116168872
108698926
98774008
70029349
22368991
15816207
111046376
108650049
99868661
97644746
78499918
77098068
68373339
55829564
53361415
23033467
18153115
15110402
12242041
8543849
2975444
113982695
103027013
98730683
83715105
83376995
74482536
67822374
41753803
21637971
12564560
12262309
4980175
78768044
24880424
17193284
96218456
93636100
91655542
82939216
80232227
57733941
25777732
15242147
14030330
81769738
75329765
67233509
56689635
40831338
26185770
15238900
110420248
102990291
81113612
68131716
64256101
38225299
32951460
23772685
15932795
3937443
105472332
89774023
86781735
84083602
83864840
81324210
72214892
67182605
46402392
45571976
40628829
33946072
28933036
109668740
102485332
79897086
60042962
51678311
41867254
18951247
15407524
13588695
103739548
88411605
83338936
81768888
66676060
44216591
23547167
17179561
8512212
3629678
112300933
103155874
95361478
92778706
90004080
69203075
55329882
45398517
42875756
24738337
23464752
10183817
8744856
7386449
7319541
106858280
100394007
81628088
77208797
74899929
65537862
60453022
59221202
36506504
36330986
24449903
22732076
19266469
15517627
12490676
82211151
65301724
58846712
57181528
53242765
39777214
27349339
25898955
19020371
14377166
10536194
114850436
103742527
87435591
85328480
84728531
73148618
51219127
46598677
40766125
40065257
15315443
116168589
84993233
67596896
58923587
24199579
19716045
17523021
15149530
9371931
5353419
106016832
102465328
75180236
41451002
9911928
116472075
106152637
75727957
75053705
69010857
64319435
59221370
45396528
45067981
41865309
40450454
34361647
31474198
22657629
18809519
17332139
14594700
9652958
119349751
115006714
99057430
88312811
88031369
65307179
60312616
56795567
50883214
19244459
13673187
120435921
114978237
104514640
98868972
85264444
57175915
21503718
113519209
105796632
98028550
73653781
68223641
66814934
33739350
25571360
16709302
5307035
106198684
98952757
98944842
96438440
83074574
35902063
17024709
8408025
112347998
107868046
105449084
98875287
87129360
45860106
9916361
111788978
102470153
99909046
99773247
89607930
57003809
49672190
45485327
39739569
35409426
32386985
23745033
19757585
18782185
114612514
81029988
68341555
52773612
22124409
116168744
101726669
91691932
89596982
82060149
78948276
72990146
69141111
27493600
15367246
102406494
90664274
85973754
75422118
73575979
51342537
42557104
38998933
26918438
15806134
13241046
111625605
107552577
103799151
83052068
76688429
18624809
16908352
15625968
13246976
12099445
6205161
4330400
4003525
103618517
76641473
75068710
44556516
41123272
15306750
118228915
116817716
114092960
79973183
64595374
51746173
51403349
49289341
22608882
17397118
119992049
94112123
89724966
65260926
32922430
24453832
20513242
18574396
16270386
7580930
5937630
111731127
104153496
96399294
64938055
42290706
13227069
9684857
115372558
114835525
109573692
92363261
92304660
11421465
9292533
118617640
116168503
106502270
103711504
94012472
53828436
26815515
18996567
3836641
101863000
91658252
69107813
60031295
53733244
43704922
113630181
84109910
49481577
33113569
28736879
17114516
10132722
7877126
109597728
106385703
105315930
83897517
78304324
77868285
72686666
50316314
46804283
31900015
26233395
15699034
116051224
104997973
96552367
83907365
62577517
18961722
116681860
115269795
115123966
109476269
99364031
98408601
87940771
77229194
43860002
39804331
10337767
116406575
116168579
110617582
49449998
41969160
24140564
15258944
13824763
10738508
1757513
101385763
97673884
84073090
46534516
21024302
13878011
13669701
11260484
113216430
104492791
99627370
82470395
72784752
32463207
4116796
97133833
96575042
52542632
43046009
114656421
112725239
106933428
82954719
81110293
77726182
73984018
57675523
34995370
25816053
20169260
17017736
16717229
16391209
5580000
2179929
73699505
56287322
51804888
30048838
17592662
16791344
14832676
3985458
1442648
116321596
111484390
110477325
108494911
94372716
85182161
84683158
78802723
77943989
67269790
23871619
21520353
21214812
20947380
10712458
6779606
5160186
119500874
101912753
76283109
65748232
63490974
56740763
30249675
3382020
120805453
118587225
114179732
113110021
78620141
24325241
73772903
57378586
45495637
11399804
4041497
116496950
109209358
108091141
98063311
97466612
61924256
57530935
55577902
44109837
43490887
41125813
22044554
9021307
4249343
109500364
100218097
95579213
86199017
59324581
27250599
16571069
16300865
116406638
86125453
85465933
77928386
64914500
43750968
22773477
13665355
4644439
3769488
112307316
108815429
88323885
80449533
68681866
58782650
33094813
31771770
19991508
105327221
87188157
85618722
60499451
56013648
45431988
43863076
42684759
39653453
19934697
16589463
15278818
10726240
114114305
94397255
90083838
81761170
54554233
24946381
19312181
15626644
5332329
115835773
112093315
99784988
89154030
87806079
84381866
70676705
64289769
57050553
56438869
7372005
116168545
97237040
72676038
63943441
42398440
22703781
16107804
103801433
103628172
99157586
85356669
78115163
64447761
59804577
54923626
33437652
21053262
20047030
19582488
11434233
116320924
114059141
96955987
87069359
24035548
20486908
19359093
18088398
17438105
116406628
105971258
86009869
80105482
61709594
49246072
22503881
117977825
115275558
109852491
98295204
96314982
62810354
62784180
61175595
60614286
30988839
26841908
5734222
109821624
101272482
99237499
78767738
75468880
62172876
57733046
49154317
45233650
31165738
30156601
11427336
9882883
6020388
114751036
80703000
62983814
49464461
49136929
26896230
4448145
119260976
119140728
110839222
105516378
94006402
84331559
73849182
73538939
49222501
33285238
25008669
24799046
15750896
7493720
99568364
87257546
74487276
66363608
29482049
27074688
15642970
114641808
112703419
109506411
103986567
94364570
83686799
44059317
57529986
46406707
23897318
116321616
85260568
69510897
64651311
25366946
14503812
9373351
6152078
120642647
101397306
93589327
86676133
35231336
30165539
25341076
8181556
119465354
110897349
73409583
66797004
64516164
30204166
26321618
18990560
17345696
113909038
104484281
100238512
87808314
59069405
58730964
50287120
45307782
23899353
104208491
101319138
98650570
80167618
79862913
75763813
54748936
43476696
22194104
6610272
100000189
95257082
78764016
75201555
47098454
43915717
24179677
23288701
19845700
116830846
102836779
101518528
98115626
91185700
90038881
65108515
39606872
29651378
29536508
5391111
90167371
81708407
75204221
74455643
50771741
44405870
29292366
26784696
25347660
21222614
12528481
5892663
106134564
94216052
93413616
80521589
64430325
62684212
61748228
59527586
56859435
44263528
41391511
93470925
91152145
90045077
89701642
84507038
78617113
58973073
22561434
21942192
16875570
2438641
201823
116168500
98745488
81630777
77324362
59310265
55868135
52712392
48068169
36279805
23022869
2885677
117568459
98490549
97927417
79693952
78466024
70004669
53333721
14356252
14229381
12139462
7303617
92298262
87093030
82818341
74426316
68182597
65239735
64058625
57134607
54962355
51310428
41406828
19857791
3097737
109607914
107044864
97453814
89989626
51986117
46733141
14165457
7924022
2522229
115295913
98472609
96905548
80315975
70020302
54683079
54631277
37926691
21684769
19094658
12420193
6586011
106202746
105094338
103431662
98965243
60334484
51188215
35076709
32455905
21129266
18094552
17045515
14883165
11787824
11641030
4702477
101548916
72992964
56624485
51959597
33304400
25318760
113486638
110620491
103604966
100494076
98885541
96940292
74169877
69597757
61771497
56824810
55486255
45302986
45132268
25704520
19004024
16757626
12141711
5402367
108393657
107213394
107059328
105952209
99507649
60559708
59904645
44385883
27992270
14759077
14338353
9167900
120293615
89191907
57498384
51985906
33555761
31659150
10281672
8830053
5695697
110700514
108131187
104993736
81807091
73735799
59961851
58071608
25153512
19368801
115207136
110420524
88097203
85067458
56918117
46601157
20446565
5552938
97375650
94309213
79350492
79089298
68494934
54857263
29105993
24290155
23232478
13044389
13025813
3746581
111758965
99683356
87525150
86706857
84834585
81069068
71908287
68622239
65423230
57261192
45895140
37116091
29415831
25378213
21317786
17668024
12139716
7097812
115893589
91842871
82093160
80451703
77954261
71677811
49168924
47197914
42116012
19464347
17159353
4249018
114202666
109305396
92455372
86589210
73763165
66677839
58575041
50262277
26490890
15701513
98128191
80947801
35030824
13758905
7764024
5209108
3198967
476490
89327384
62708105
42147342
115017062
111683938
107613279
101063054
99753721
91799429
87900505
84540329
50728230
46200587
22733591
6298785
116675533
111226259
100815895
94863939
89182676
85732688
84933859
67186637
44146087
5464856
5085554
3709742
2927820
99846268
94055764
74420808
72721529
66964913
66164267
36285634
7917814
971081
105605271
93308380
88579825
86239205
85260173
70679917
66198408
64608234
54090943
15298910
355515
115163244
113942765
100294178
64933926
50858594
50550892
25512872
15307604
112583298
76960155
76007111
75794202
64274626
46146643
35706223
32552324
30137549
27991325
17212048
15414448
12016192
9361850
7764798
3899738
121042415
117779945
111030413
110841135
107241708
105038078
103897935
80464996
73845589
73110966
66555995
42012866
37646280
22275622
19194931
13063400
8981096
7676510
101146735
98027943
88800096
79416857
78673105
58620707
56727051
51596151
51534754
47125324
34026214
30406006
19365780
17197671
14812568
14761214
119435075
99040348
98991689
90036294
82894346
77348935
75649366
69934239
62232718
55059559
30557965
19372281
16724792
11296298
113154891
95425001
83734484
83529415
26536888
22485390
20909018
8417329
7491693
112404079
96176776
81758560
80394949
67617662
22356304
9069473
120096604
118681851
118652170
25125537
16546882
16492328
11778024
104203892
103569235
90935264
89814021
82966249
79663673
74365312
54263244
28522433
26186464
17227649
15920456
11066073
107155303
105510164
104446030
91352263
81573304
74731685
68576921
65675410
63530759
55484016
25464872
3758829
110350272
105662412
104455387
103888367
100989072
96888201
87850885
38890132
26270344
10559255
9734805
108918408
107876658
103210399
99269962
98086059
93495485
73857506
72122328
55480539
51187842
16397913
117606496
117480278
115048684
105159578
104084029
102654744
83864257
58375672
51930749
32787155
29339100
27195786
23654568
10492391
115760357
112095219
105404223
83900445
81983587
80058551
74706461
65393365
49954267
44116061
30103045
20219640
17184612
114507318
106068256
98019437
94970541
91240893
88907837
20553661
17093803
15200415
7861264
116016163
113739479
73725633
68325880
55228383
46286833
22832105
119823354
119053301
112499061
104384613
94089008
89556648
85839686
50782966
37181222
15707544
9448782
7016132
5487874
1009754
109841566
96331111
66069227
65606615
60947323
43857326
30049322
22537563
17585481
7466701
5145960
2317161
116168539
115031730
112345561
108170844
107162859
86420373
81501769
61623029
31953347
13931100
6527735
113184761
97899900
94293279
83125903
80646186
69371494
65537258
55857296
37896522
29589205
16618615
13510104
6889039
105581071
105129949
93019385
77877554
60401187
35545053
33584575
20504527
10715856
9270740
6604376
118564749
102821315
96800172
69863552
50519231
37828692
11957479
95397352
83027339
79334923
79110621
76632853
74202026
69650839
54740668
52168187
29002152
22196932
110382987
109560857
83821017
55394777
54332889
27540775
15074881
7862345
110066823
109160355
97269197
94297408
69297547
65467282
52565814
25623239
23912055
11684148
9861833
7066270
116491230
110346279
80004299
54441185
32140168
20961087
17887605
11874621
3163591
103979494
98322761
98234479
96019373
92216724
86687300
83513551
77362650
50792888
49995202
44331489
20235512
19785720
17462587
700700
116014424
100526155
62367249
51932219
42533152
37620407
31000579
28921181
7671462
4777874
70985154
62587930
62136889
53532699
30599799
24304872
17660179
14062622
2506399
117154486
115353123
111422689
110059813
104526698
58167219
57658476
54444103
34149230
8897631
117171074
115470683
108532832
97485223
79950197
55927069
18512553
118941243
115808942
108572676
102248138
66912720
65676115
59467601
52924653
18749826
103140795
100547763
99056344
88644146
70556947
51700945
50708279
44742004
23540158
9871060
2726717
106801904
103632334
87048426
81493569
70824664
68054267
43574754
8026567
114308460
113179257
95274279
92391908
85391355
78145661
45650526
41227786
34187586
27980238
24662887
107227047
93417906
93215531
77784602
70618540
55684128
55053352
26794243
21516707
16239788
118272939
95416329
93235877
84599762
84190091
65384029
61344855
55903606
31524406
30159068
17998138
17904691
13437197
11439436
119330411
110577292
107567525
100306738
94045684
83593428
55586743
17999533
14605612
8970254
114522773
111605531
104244884
99241287
77273078
47147126
39703482
34422405
21820389
19948885
15654163
13696892
112351392
111182182
85543486
83415587
77524624
42094690
22448791
6634151
2584633
88020050
75724409
69620723
68747269
67307849
33435351
27085423
92877491
82097620
82037662
75091089
72822315
37878489
22295097
18158298
17328623
113718693
111978132
92691189
88571249
85312444
76406619
46007711
38756582
19275546
113107672
108011432
94751782
94530606
80878692
75828303
69682839
66277584
3937790
119031043
118256599
107895327
82122126
74353165
69819678
53647789
50650602
43620351
41723012
36119951
16567037
116270129
98759126
98702550
91190947
44825842
43202046
26330730
20342454
19346506
19225498
12267767
8704437
6172653
2595151
111272496
107387937
91383175
83042400
76338116
74316929
71186081
68670919
59488315
55565849
23553674
100793421
95262448
78555050
45267325
40219062
27303225
14313963
11244266
117471874
116807317
111964110
103975921
102495444
101268928
97173195
87502453
64657664
56896446
1513308
100475843
94430201
91465092
90329223
90142805
74689518
70416364
66205320
46506955
15778256
3529674
68454022
36797387
33631310
33353456
25740654
13695138
9168359
3707284
92097089
87790064
81048144
76672166
73785565
54132893
37248192
19223799
18607946
11362359
117614256
110228907
70862712
52777173
36994671
91064031
76714777
76510591
57651985
46599193
27841113
9709251
8924622
94485711
92272573
73437149
24751547
18000368
15321894
13762844
12261974
2743651
101451200
88527770
85311387
83918042
19272360
11535521
119043862
116324811
115882871
109911103
101017644
89587134
79981434
69789345
66848461
65292251
23983260
116112573
104230305
103497871
100838293
96857511
90986804
85610925
78118824
64199483
43989012
25013373
7227647
105072356
71093472
60403086
57575687
27322762
26374089
15463569
8469075
117696800
116922368
115509756
94843164
74413004
73067125
67091283
58509231
39603903
35799122
26615145
11902137
98457896
84280860
70872559
67059298
53807127
7259173
7035841
111969621
108770353
89814187
88335059
85050150
31450184
22068021
21575141
18668265
16043959
4304591
90599140
89028401
81267355
44798453
42941328
15619093
111207934
86896448
84816944
83061204
50220362
42984135
27707560
21191748
2910658
109535729
107863489
103098902
63379467
57242666
11444336
3236463
95039345
90762968
78441109
51838689
20501551
3976017
119596180
110863316
93233630
91431973
85210817
80793201
80781413
78898618
37780215
26356469
4764117
3211834
119243046
98078440
74415650
63378689
62236745
7504115
100030515
92113366
91935899
62417401
58592938
44015623
37852395
35732197
24762670
23900169
21574764
21503314
20497296
116729792
108583338
106996590
106146740
84042418
73950831
51587240
24001957
11237037
113776856
111158877
96020466
79034563
18247094
12373044
7416756
117572077
110549605
105271490
102649008
83514956
30086721
16355968
15478020
177301
100761647
75630516
74515517
34937492
34502411
25580347
5526281
107416074
107329346
102400896
98996453
88705796
29189329
25934843
116191145
113464865
102346968
66231129
60740042
41957814
36411215
15904092
101784227
86828231
69197364
24604527
15064561
5779968
4246087
115897046
115632472
111196407
85585310
81390411
80658183
73336057
13488370
7354335
3852476
113845911
93965200
79321035
52889441
16556482
12092123
3328520
113464725
112492066
115536207
114500328
109855484
49873496
20276654
19984492
19877112
19117149
18978264
11430055
110155118
109406317
91223621
63529730
46039526
29134377
120003856
114060584
90649039
66915726
61985445
32388848
4670237
109860636
105745622
55604397
27978086
19402734
16727078
115867171
50375843
24698432
24604225
8279789
3860457
3605833
2153584
116697682
115583186
109223755
66562981
62760911
30558628
29092233
21187011
16107219
13950933
114189861
87664642
83910113
58016132
32300558
26075268
18846289
115449262
87361067
59548483
46913159
119462113
116634421
111384212
78817493
75278033
67373816
66687427
61316446
51498353
24049421
49833482
40555588
20136393
112182133
78729332
75762079
55052798
17676264
16526959
12451810
112482782
107208746
96624355
77268461
60219587
49404792
42874487
16825409
11218930
103965078
98135037
93628726
89895733
120008031
108357241
100545339
87653740
66902618
45027845
37539050
19018049
14817905
10262542
3418330
104168699
100986427
98931807
97005053
81530116
67757443
60415637
40286558
21140313
5093891
114147975
113263095
104294462
59495314
35183050
13692728
6173223
113835502
107448857
104649719
72966393
35991668
34185107
25707842
20441665
19601085
109032118
109006017
91176754
88999144
85012395
25116673
10561662
89003471
81127859
42020327
19514183
108287497
61792076
26133657
1958386
117270208
111000329
95459050
72156212
70039334
5360617
116304715
114644759
65292075
54049419
41582306
8586142
7418030
119366590
90602766
71425013
64831016
42607534
39806649
35506156
96480177
85127821
82674486
40922816
35851199
32001009
26421048
3926368
114321623
112261825
107369766
105120449
91265599
82014005
71312558
65464171
50186438
38116869
18881733
16246618
3521541
113634409
95411794
91096273
90174905
83016373
76520983
70985488
67087165
51406644
40347011
14781987
9905424
117540159
113694425
94599521
67261279
45236726
9733058
102244438
101191994
57167414
51103304
22004542
18226912
7768542
116130401
113169002
109288198
103430983
99601026
87151835
75517210
51912857
104068409
103694089
102024650
91195697
85468724
59216290
48412915
20518611
17939815
102203138
42582213
17582659
16536677
14961398
116546733
110131929
110057023
107981484
72101241
70032192
29279369
100124045
86435375
72144770
46534598
28409922
87814961
74039591
67042214
65340653
44470543
30217690
30081551
19809064
17818945
119867461
112959312
109358487
97233893
84538002
71004360
30647977
11023998
111724759
80154862
78091785
68178900
40616764
118478046
90584624
31856609
19933809
9915659
112949074
102691136
78218811
69850817
56868000
3166399
120215897
119728857
107056104
102354522
94829032
90643480
76967674
6154314
4887548
116119133
89169359
42106841
27598723
18859887
17486211
15315228
96375977
94620593
93454485
80236438
78468798
72770079
29970493
105305959
105076612
65526022
107668502
99779311
90918776
80834335
74730941
24477431
15073721
96671274
55314635
30601608
26462935
115134457
118608066
104708285
100157069
91520090
67768192
50999291
37507035
5903580
92156560
87867907
44839715
35390332
35359506
31423256
24967667
21123196
18455112
16246028
115986173
81408275
69853614
63398446
35347287
26274440
11107854
9568394
121111773
79509489
66932196
17833653
10014246
117331594
106079958
102442966
77921298
66396694
44882753
113680508
109686337
96889541
87431420
28910353
22848117
116441964
113314955
72011190
22487000
117927937
19653168
113054804
112339425
103147562
95976135
75392356
115938865
110867165
103932920
103142452
98033201
69430915
57502481
67517984
35940008
26008796
19124270
118540905
67495611
20842485
11602840
4093775
115615003
72210947
22784691
8540825
6655952
107048355
82186990
72439737
51559301
19315928
114284912
77139840
30215322
115715981
114643812
102704276
69128289
50634160
21229358
18862998
16662452
607354
109089804
79805359
67255163
66898718
31607924
99227972
92460316
86743268
2066039
87079980
81991909
73489297
31341622
88873832
28025515
98551167
90502306
25189884
3337300
106527465
93138805
84796334
84670562
53641243
52601428
18368767
17238464
78121450
59658655
30168704
16361590
4279388
3854395
91938222
49353309
34215801
12065691
117203010
99897075
62073113
21109060
32984975
111994694
97368645
91196437
81301963
74884498
66648444
26754913
2921281
113397477
108587670
91704482
65945351
49496619
1135231
105266733
98738737
52822754
34696662
116476204
115702951
53630176
30115693
14423430
115789369
62962577
46968625
16095852
1510125
19920835
6221966
114488726
97528603
47077687
23818428
16779687
9147896
6839812
115083646
108259729
56946339
46779906
43603377
43357931
105971573
81446402
38256034
24449538
17363060
111540427
84818763
69211651
66128030
52982760
101449376
97257766
92585644
111183981
105222677
70797932
68872837
18731083
87446092
34362298
28262651
3104492
84990618
83067757
2892694
109702757
98519229
92173953
70032866
41480112
24959435
13757163
11514396
2063924
111723969
109300934
109184298
87923919
83550291
56889842
45066276
43303375
117137408
114598110
116806105
88720174
80636594
60644123
64382743
61149223
51359214
4101362
115425466
108242633
46817642
100601067
88862532
114349399
12979728
44754130
34820793
117852483
102018665
68378524
33147553
118012946
111382964
29232821
16815466
16264104
108672689
104015829
74984351
65872683
23980831
19713190
117533015
116172151
114167077
70399614
38490438
19669476
17981736
110988859
30146953
9773869
115278504
8197309
111627578
2958678
112266771
111657426
84333143
79685153
119323031
113637275
100200998
79894919
118502402
113596046
99188812
78240579
25153183
24369884
18638215
110986694
75573889
65434195
50127530
13442132
12212140
103718626
95022039
43152517
36139441
13269717
9142752
6646416
115999123
113068078
41836245
26347563
114949588
70543657
2564665
117101169
115777381
114767909
78753333
74499424
56239977
43132223
19436575
106734991
90087357
114947346
105232745
102800739
82885771
5941592
117594653
115999163
102353225
38999855
11988749
105067267
71008995
117863258
111624190
99404365
35823148
27106871
51447480
114794579
113499129
112738396
52044250
27990738
84406528
60030942
14706459
4038535
117403057
112670797
91245946
90803991
75798072
16594420
100820862
100770156
85463662
65035795
6340764
112732780
103928264
15896316
4440375
114218477
76023140
116168902
45378694
34217753
852039
65713473
50726104
5158494
54939144
108032607
105920061
52211194
2467981
102947471
114969310
105225275
81691599
48925041
12789185
12631703
8454514
116621787
114126289
113068912
110964924
74185425
43793642
838873
86197304
80311775
116403805
113767774
104041602
6124870
116712479
116403294
114792379
108827814
112193207
55280098
34726875
116403986
114691658
114667613
44473543
26952019
1607572
117575722
116402990
112451938
112383192
111889706
99955236
32331425
30464200
8554816
116403103
113873900
73670825
50244499
35494689
19197797
116442905
116403543
116403109
116403106
114987665
64069562
116414045
116403602
116349459
115827730
114632413
94933738
18944994
117817796
117388044
116403601
116403585
116403532
115077752
108538503
99149926
58235553
31567137
13889091
11972980
7067409
117831377
117831267
117831117
117817695
116403544
114309478
38154250
24103617
23246043
15737408
14432002
117831424
117831397
117831192
117817731
117816446
117816227
117602392
116403020
116402542
115746413
114465081
99271351
95897459
17246475
118038967
118038888
117957138
117816524
117816471
117816265
117816199
117792158
117788902
117788539
116403039
116403024
116350330
116102637
112500840
111397739
97336849
76472913
73046486
31348785
118059724
118048791
118045058
117899372
117895963
117872611
117855891
117814601
117788854
117730666
117421160
116775467
116356215
116349415
116348532
115061019
113529187
112738576
110428967
107355623
106543221
104162247
99387377
88546402
84531301
60369989
42576515
27915404
22203873
18135210
16871205
5956217
118074961
118074631
118015731
117986380
117956609
117944718
117944575
117918484
117914901
117910185
117896483
117896088
117881819
117869433
117869176
117862628
117862447
117860092
117859831
117775194
117472384
117234860
116348567
116348541
116348465
116335004
116036568
114790130
114768508
113658356
113262433
111988439
74258557
56231683
43386505
30792726
19770311
8363805
4324724
4037557
